


myBp	31.081506342126065	1.1354832023346872

-0.617318754613735
1.0395986092871439
-5.595375722129401
8.004709414074922
1.6784688490504387
0.8568565280203533
2.451349611334392
-5.078066481766965
-1.1974366939671557
5.933249591419182
-1.1649065975098645
-2.4547207292714543
-1.230733423859845
-1.5795733101730134
2.195138172307116
0.15367220169407927
2.0744174162193105
3.5838535316214193
-0.21851049303181633
0.03139607562590032
2.6704680709474298
3.723384371329016
0.9534914821072213
2.450748265911286
0.8084964462999773
2.7318732694451615
-1.5535687878527122
-0.23983187039761347
-4.434319348182557
5.51313130054672
-0.4330248420195676
-0.47867826104912586
-0.1837331041149819
-2.594099903383128
-2.3069128556143284
1.760222464801816
-1.7644011749990045
-2.072675881334175
-1.8460760951843203
-1.9039424632963844
-0.48224681918877293
-1.5849389119266046
-0.5521697139977354
-0.04523127899985207
-2.5752499529679502
-1.5328183645747988
-0.3025703784343238
1.3813192189345822
-1.3508035312559765
-0.541503431461544
-0.5633515373713469
2.9676838689331095
-0.016762465893662457
-0.376543046753215
0.07872718259151183
-1.1177737998151986
-0.10801010314526996
0.9807151113872329
1.4212338621665446
-3.4716972648127364
1.9905683250133808
3.2795642256465247
0.02349945728149933
-1.4877996043816306
0.7327581554355725
-0.660287578914479
1.675213633070734
-0.06740056425770832
1.4455535286867083
1.5986852846013
0.24288948547770525
1.5456817759431378
1.57272965020916
1.0934451949105974
0.2178198222012464
1.4829709776774709
-0.07035197664109467
-1.9303187096359844
-1.4077668616656773
-1.6395734217695033
1.5929761444431667
-5.860399226033187
-2.822563904208186
-0.8145956559344472
-0.48564219568545774
0.31648814014294846
-0.2765640536565014
-0.2345670916208493
-1.8168091757124194
-0.536751924225417
-0.34562217198317274
-1.7292256081879473
-0.8467715451865296
-1.7609390512116703
-0.541550796944708
-1.0805889825793387
-3.265378773830647
-0.2627196275170916
-0.8675898196716442
-0.5826712597570463
-3.2448550296600644
-0.1889194530575106
-2.505435216088459
-3.110576235924773
-0.7614158174400781
-2.1591454427427488
2.252959816241643
-6.476950077319721
-2.996475882071574
-1.0684968866436426
-0.8657161127087439
0.7894509429469504
0.7950443983521024
-0.8573102171920302
-1.1617719956279875
-0.24124763322471782
-0.39667093479159826
-0.6425479893603023
-1.035441702209489
-1.3070196242492962
-0.7829489741754783
-1.4649234282913235
-1.447346823404477
-0.23517405249710954
-1.046737433450228
-1.4644883823818622
-2.5219073340892915
-0.6930512397698436
-2.358550075308851
-5.461702035432643
1.2025819190942395
0.4857137926269748
-8.103111034268144
-0.45674477248965073
-0.9665781174880864
-0.37635399767063943
-0.7705398704013748
0.6158957464765196
-7.933099162111795
-0.499545267525516
-0.9488082286780163
1.096549595948607
4.087533782821015
-3.6277877691296556
-8.415005415068347
-1.0553792369949784
-0.8989422259890472
-2.8760700177574714
-4.6899370276475185
-4.4095807579276745
-7.766089886797524
-1.9688675155691102
-0.9191223324860913
-4.807739016233896
-1.9598859783849159
1.419899888483751
-7.8079424834339894
-0.49336891015413603
-0.961870408705269
1.4659065540814367
-0.5440521786012277
-0.4798511854986535
-8.480807834153826
-0.7476556893668581
-1.1137937453130826
-0.1990818900954698
-2.6507463988930775
-1.350487713678003
-7.877655365873442
-0.539923253901004
-0.8351972921674475
-0.5256840310964741
4.660869204928291
-2.9506062987876014
-8.143250205506417
-0.5456264236830701
-1.077006979222925
-1.8057204265770739
1.762056567745059
-1.6306984481351885
-8.130230346959392
-1.0494516070632083
-0.8390748486741311
-2.1705629008404475
-6.054747170387081
1.1391241077127343
-8.011444062123294
-0.06150563927357528
-0.9413783355923521
1.777598563873349
1.5640770686966543
1.18092197162476
-8.194857532463697
-0.5269201289717627
-0.9334039914781619
-0.37893301066897084
3.3047850222995576
-0.5076472140189582
-7.820299069792032
-0.31590271330149183
-1.1675858115122453
-0.5866036389928906
1.7568239083435684
-0.5440322263054425
-8.32632658722562
-0.6620827139642318
-1.1366520621595815
-1.0515455531961824
2.503176602461258
1.098345911122706
-7.911982864092481
-0.3994939771565508
-0.9987954942602916
-0.2656184642297892
-1.9462865173597694
-0.6957818133219218
-8.189635662224497
-0.9044625408161483
-1.0330682409281602
-0.8659204867766201
0.41645942285397564
1.0189916803065937
-7.8907854594440625
-0.3917535349269919
-0.8697440687602538
-0.10023992113720812
-1.7765695504285837
-1.0632928824183823
-7.783405993616057
-0.5545523864245167
-0.8870967045309842
-0.7583101182554407
-4.018471221614393
-0.5837780739379347
-7.649600743838569
-0.47733730943081304
-0.6946554614967253
-0.8344184432982216
0.6500292587132995
2.8274085837670753
-7.778495171386415
-0.6274760316804245
-0.7234886823505154
-0.13172082909799798
0.5129825270792427
-0.9241154697182754
-8.190425282097646
-0.8852803601689404
-0.9819372077129438
-1.2711852891399544
-2.6088243716498947
-0.9087158972479585
-7.598597787101836
-0.6499858500435537
-0.7499500998933597
-0.7952017304923958
-4.076408797798315
-0.3105983130496982
-7.779597048150187
-0.13570229279263213
-0.7257757929146216
0.5922972804284007
-0.8402967706112738
2.434855525252854
-8.037804967449532
-0.39680569551939404
-1.0971220230504077
1.1319109496420847
-2.8064312974773484
-1.6584128908906508
-7.953680001995754
-0.5811416348306807
-0.814580569718263
-0.8880817731064322
-0.7285288410495526
1.5443779911006545
-8.000328028659398
-0.4850020063002679
-1.051740876079035
1.1406605894496227
-4.472746786364518
-2.5178413271367313
-7.586418714884362
-1.0379775528187218
-1.0844015641845275
1.0045598373693743
10.017111177064224
9.283899655689078
4.950865506101192
9.298673472801218
9.254571057093063
9.749298772836235



myBp	31.193967334193896	1.133084078877218



2.3544521735733914
3.8723933914194513
-3.535178579069658
2.265176502950133
2.128065017004505
-0.5163765855019614
-0.12777118032098622
0.18156442923074448
-0.5444069470839095
1.6375106430239683
-0.6121753253213975
-0.35138030011322335
3.087562245384464
-3.5878776670340566
2.3952291123652008
1.3861414723834184
-1.9261122984077936
-0.06896510941407073
-0.22437232856919218
-2.285104091728687
-0.9807518463433073
8.215363766931864
6.724261538186964
2.860042951695102
1.1303500292892226
-0.8271573544980801
0.05565231053572432
0.6929813546411242
-2.558593642704535
-0.1349305929115256
0.296265748205217
-1.378889639311297
-1.4605873445686024
-1.893816221731323
-1.084172343079854
-0.4777774237741492
-1.9819546065088645
-1.3215819410032132
-0.45084047507580804
-2.3032966498950733
0.7066301319637538
-0.6866101433379334
-1.7480970579826522
-1.8732446197149721
-2.017536844115814
-1.7197363543478863
-1.344361714982608
5.708695685284196
2.4122355937194824
0.8551271470994215
-0.18544206884113482
-2.1757901687532035
1.4241332678249097
1.654200842164415
0.4610034547379967
0.6344433905792807
0.30237633832525734
-0.5404018257109374
-0.12043025411655084
-0.056663911500186244
-0.46354420178124456
0.18378061611317403
1.3424654132660974
-0.34483305712517437
1.7152859553640099
-1.4649995477629816
0.527971503350116
1.603649000068373
-0.89208862007552
-0.0027846136220371835
1.8673260863454466
-0.9227372405665316
-0.7087104921016202
-1.502819537978149
4.777053745138881
0.5297395733341863
0.008458045664436671
1.6224097694007364
-0.9620945828018284
-1.0033636104448322
0.6772478897025797
-1.5455240900738985
-1.7191480249385054
-2.1746579513634066
-2.212872388570968
-3.3020946747205975
-1.720974611822605
-2.3140167127334306
0.10447848096853075
-1.1891066866096163
-0.7102569309641515
0.2549047497262605
-1.0953004185772182
-0.3861998234190192
-0.9804980589836318
-3.6327439067414993
-0.22118630740007875
-0.8650914332035261
-1.3396160415246747
-5.866956856692235
-0.9893946746690111
-1.7594452194561319
-1.324017027478276
-0.09053701619935525
-1.2739039052356422
-1.3870246324299844
0.07729556058933626
-2.125325565802033
-2.825060519214371
-1.3413762598738932
-1.5645191237284015
-2.248412732185589
-1.0858943696584717
-2.4291206303524597
0.47290841500534037
-0.8447955978891011
-1.066469604737518
0.14680923244945007
-1.9665513031567727
-0.327946468937863
-0.5008218873749782
-2.1749488722843
1.040899918948159
-0.4489487809037897
-0.9653826147303758
-7.062089076033857
-1.6666840019748306
-2.8453199568684626
-1.8595305856980835
1.1397650034864484
-4.792966868191517
-5.217998078401953
-2.60505115339011
-0.7698942115465598
-1.0415621415994358
-0.7093193290059707
-4.677277972564967
-4.852062046081949
-4.578379604787236
-0.23005916703283355
-1.0678951399950976
-0.04723698325921233
-4.762109489537063
-5.185546721396903
3.0539027296905155
-2.5688716124110855
-1.122605922973369
-1.9477910587133531
-4.567309003031532
-4.894642640515944
-2.1332888763065263
0.1675766592995327
-0.7168122087989006
-0.18252089098670324
-4.439191635196204
-4.959016579073725
-2.451558078341805
0.6070970906413191
-0.8816313818143205
-0.022780201287846618
-4.5717234994137455
-4.794936157900216
1.2729422935592278
1.0383143568042377
-0.9200999106877998
0.4641290703305755
-4.6623731896304355
-4.834155624367703
0.7224854865765653
1.1281116566998293
-0.9676065469679404
0.3553698977910975
-4.52212117126078
-4.733007923963782
0.31785828736581945
2.0286069346962488
-0.9787802233867837
1.306903837747269
-4.477019725600445
-5.045994224469571
1.206016513199605
0.306468463603145
-0.9954074699581391
0.48686696971876153
-4.439046790378611
-4.749333296231053
-1.6030774425851113
0.9177897568759503
-0.6070726236546982
0.4736211730874775
-4.604243134931526
-4.774958391190635
1.0123591076424585
-2.0803733415211667
-0.691781940117762
-1.8424742523032172
-4.298986461264541
-4.912475103472821
1.1015100108903357
-0.09454561173678884
-1.0680383039705044
0.07400839757080094
-4.618300138314835
-4.9349332630074505
-3.6875102470698966
-1.2168117626657318
-0.9475196291905743
-1.0452366048677764
-4.462016326665674
-4.9834794250032965
3.6036214135707247
-1.946992745403922
-0.9644218481233092
-1.4298901396795565
-4.737422742921993
-5.109617058501401
-2.668065579731542
-0.205600331986428
-0.8157368627496671
-0.05483338352181397
-4.702436597639851
-5.223960150870776
-1.6391832908700434
-1.587640843867897
-0.9777446187303863
-1.3784071418663721
-4.378505564496141
-4.8919664832625545
2.7575847591031377
-0.23779327012578008
-0.6770969136054664
-0.32102504843114166
-4.55879213717136
-4.879662619404495
0.4567317344249833
2.239347890595706
-1.1237100434255438
1.3450763447402634
-4.768242923012941
-4.983206811800487
0.16135769255151775
-2.7940375456683415
-0.6138431648418415
-2.247333503407029
-4.6166645238703365
-4.777234005003198
2.953931307184176
-0.3434595765917648
-0.6146580440895958
-0.6183054811415887
-4.706923835081149
-4.676738058657257
1.7501643134511704
0.27343403852326365
-0.9964392468861815
0.01083402916108578
-4.1609137898407305
-4.4173326747171
-7.435758591686306
-5.233832706137876
-0.7303246953796299
-4.474523015560858
-4.925202785036937
-5.011063198836669
-4.769605258013978
3.241605121282325
-1.0112081257104901
2.9311886310936472
-4.454110835847507
-4.62134563118879
-3.226338477535286
0.6933778015005341
-1.0118076357487251
-0.18638013481507648
-4.5878058259020245
-4.899357545028363
-0.9747008017705462
0.06939165318591572
-0.7427471789912785
0.23142741363552055
-5.059490038127296
-4.938733334656237
1.0508436632125837
-2.9138720859529683
-0.7270644716804197
-2.019057460116799
1.4806215561691025
3.9949491601740528
6.797873227261993
4.6286124290929145
5.744594948845012
5.878615796580644




myBp	31.053261160032644	1.1081419862688766




3.2734959341725816
-0.48125120400045873
-7.762563231669293
-0.8864111467914132
-0.22780615460284842
-0.8767232331551479
0.9649455891462674
2.5563932017018964
3.192354169130889
-1.4471621751881778
0.4097905991254805
7.825362272150771
2.8351354904566923
1.5816983468372137
-1.6835718242166124
0.8736092439246155
3.84702423153256
-0.4770921605896127
1.6618547187869717
-0.012694525014026565
-1.258465990023592
6.144717024524895
2.79345379479002
-3.26671573585455
-2.823277476070056
2.451723847660321
0.19857736904227555
-1.9252333077020625
-3.560683586783923
-1.887972779841018
-1.8135175420177099
-1.1788330207720117
-0.6360089298949988
-1.1053046116727328
0.8083700073805334
-1.9036090599537991
-0.8484869085781639
4.881780044586574
0.17725513534000045
-0.30034609676281565
-1.9551036425200758
-0.168410563348406
1.024743586822918
-1.9340956971471153
-0.02022116866521421
-1.1414735122723099
-2.043667273128596
2.487925081635471
3.0598346605226623
-2.3936670761982772
-2.3220497179785093
0.3842944964518479
1.525333990691212
2.318147010595806
-2.964705046057715
-0.5531332535398636
-0.22446158026696078
-0.5392030662788185
0.9542533712386232
2.297024698086458
1.2370509417351503
1.5961956133780104
1.9207089853805217
-1.8345976463232556
0.8985281294360861
0.027640171979006173
-0.9474827714859472
0.12589070097108293
1.6537563191949736
-0.39273416297800057
0.0036563780942296406
-0.24416258517771236
-0.45766693527257124
2.999426725616342
-1.5524298690308864
-0.8113159686153176
-1.4726999821867657
0.6509590927669663
-0.45690211717753165
-0.2132075733411493
1.8287199988149305
-1.4151145373198524
-2.4497448641045105
-1.6998984472236645
-0.4063545163972006
-0.2974501410099238
-1.1587032991409691
-0.02392138074693743
-0.37772939971614794
-5.518281845217011
-1.592440760859219
-2.472053223478968
-1.379885372946462
-1.2942150996969781
-1.3821755437921655
-2.2070081887371296
-2.3615341877915226
-2.508625780070932
-2.0380392541536008
-0.7728760520523736
-3.194239292504883
-0.5234287149404974
-1.472251083441781
-1.8248078132374042
-1.348031731187722
-0.041025009326726286
1.8731283338044398
-0.8885943290498954
-1.8323553268076562
-1.4856419390493392
-1.1664128396932416
-0.790316672874429
-1.8091707127174916
-0.32793490928219726
-0.7823680025763111
-4.749137712200227
-2.202221365201276
-2.6837509487274325
-0.7802249312281841
-1.6948174599762724
-1.9875264225684925
-1.584377049254327
-2.5579095773833993
-1.8122484107115198
-1.148274998194815
-1.304148219447664
-4.86910228054806
0.15268567198991387
-0.09451966783042066
-2.1907289059270343
-0.277920919647141
-1.584439803666966
-1.9463602074902733
-1.136723508981891
-3.063070339068981
-3.8459540120634275
-2.423598201891653
-1.4719897468420378
-2.3116962614944545
-2.6371607342616974
-3.1214011066944596
-0.39324940323816365
-2.236076757875639
-1.5359596346547748
-2.2389181744380493
-4.430123315443939
-2.6045110066018706
5.627023515116557
-0.3468957775568576
-1.2981919910754665
-1.7966718593903062
0.7185474480014546
-2.8970601505858897
1.5861197881926137
0.19150423271115
-1.2755159535557004
-1.90425846480626
1.829338724843742
-2.9426518157390027
0.6652626020042883
0.12074700790683124
-1.5994183185094695
-2.2877856797186698
1.0050280985219453
-3.1370743333268822
1.2866929473085973
-0.3964079944296379
-1.2777674789407711
-2.205595340545856
-0.8239221347408869
-2.944238223539444
-0.8487566278034162
-1.60302481539933
-1.5294815962645771
-2.068272806533389
-2.2826338352119127
-2.907763877603201
-3.3091242858663925
-0.10861902679057299
-1.5791549828903197
-1.9407921572769018
-0.3383165771312113
-2.7556096166602613
-3.6947926281263994
-1.8518578775853456
-1.4215452466625609
-2.16188900750446
-1.7957403314560996
-3.1715790315817984
1.2944889448034007
-1.1908099529391167
-1.5707661299838336
-2.174271547227616
-1.635317722148776
-2.9848843408367105
-0.8399654247535386
-4.096744924628994
-1.2606060764823708
-1.9161362696595832
-4.14531076153
-2.5732083923458218
-3.0875881199943973
0.013416773666515511
-1.1263956083900772
-2.118529167489306
-0.22564708342180725
-2.708147387835857
-2.9838973126826818
1.3383696448685
-1.1337027906730055
-1.9281947101593493
0.6639223131493259
-2.8215776743038945
-1.531862799751477
-0.5887720697236419
-1.4901991030899084
-2.2547393689938797
0.7725828500115344
-3.0754909952308056
2.3873581473219536
0.4950688895325403
-1.5774460086883324
-2.1693674525685593
-0.05774185377177042
-2.9589492194120157
-0.7983757983855645
-0.48548635141349533
-1.5024514614552686
-2.2034856505954803
0.15251374482808155
-2.956034306614322
-4.347774160617134
-0.16344341698999512
-1.3314747182554596
-2.1745246654117323
1.681254437164917
-2.566404140267946
0.920035408550622
1.1886130969170705
-1.5400960053148738
-1.9368759829638855
0.4701648594912923
-2.7338352460453472
-1.7815098798703561
0.5264473587051792
-1.161253044681733
-2.114770096064969
1.6177374017248363
-3.0226675016997975
0.35832919663195695
-0.5013689967238516
-1.6248971663131524
-2.1027289032968866
1.4182685951516372
-2.691031581992383
1.7404892011440547
1.3397165185680855
-1.5146373668056017
-1.9169629020312027
1.5260264164789077
-2.8738246127017852
-6.038377516070814
0.31745418045860563
-1.3535457390829886
-1.8567017752460295
-2.391648273677559
-2.6090942436491753
-2.7481589149628904
-1.2202631965369117
-1.5396218719834294
-2.119663651187926
-0.7058493365000242
-3.1646871629816493
3.7290265033600467
-0.8968229253103648
-1.5516353124154065
-2.018955586760777
0.5871563637296529
-3.096296285014475
3.763321846888676
0.26015485293114854
-1.2033774872156668
-1.9055549632355275
-0.10426651566280272
-2.6588228321268548
-2.7166762612954947
9.36426912491784
8.983533090291665
8.287208804754586
8.874245758565085
6.615808246711312
10.428634266585942

